vcat_264 83,124,947,254,1006,253,236,209,945,165,263,68,949
vcat_124 83,947,254,1006,253,236,209,945,165,263,68,949
vcat_947 83,124,254,1006,253,236,209,945,165,263,68,949
vcat_112 83,124,947,254,1006,253,236,209,945,165,263,68,949
vcat_236 83,124,947,254,1006,253,209,945,165,263,68,949
vcat_209 83,124,947,254,1006,253,236,945,165,263,68,949
vcat_229 83,124,947,254,1006,253,236,209,945,165,263,68,949
vcat_83 124,947,254,1006,253,236,209,945,165,263,68,949
vcat_198 83,124,947,254,1006,253,236,209,945,165,263,68,949
vcat_262 83,124,947,254,1006,253,236,209,945,165,263,68,949
vcat_68 83,124,947,254,1006,253,236,209,945,165,263,949
vcat_165 83,124,947,254,1006,253,236,209,945,263,68,949
vcat_1006 83,124,947,254,253,236,209,945,165,263,68,949
vcat_162 83,124,947,254,1006,253,236,209,945,165,263,68,949
vcat_164 83,124,947,254,1006,253,236,209,945,165,263,68,949
vcat_173 198
vcat_253 250
vcat_250 253,83,947
vcat_251 942,164
vcat_942 251
vcat_254 947
vsubcat_265 987,964,0,110,1007,1010,97,965,143,125,1009,153,967,82,161,89,1008,109
vsubcat_279 987,964,0,110,1007,1010,97,965,143,125,1009,153,967,82,161,89,1008,109
vsubcat_312 987,964,0,110,1007,1010,97,965,143,125,1009,153,967,82,161,89,1008,109
vsubcat_285 987,964,0,110,1007,1010,97,965,143,125,1009,153,967,82,161,89,1008,109
vsubcat_306 987,964,0,110,1007,1010,97,965,143,125,1009,153,967,82,161,89,1008,109
vsubcat_300 987,964,0,110,1007,1010,97,965,143,125,1009,153,967,82,161,89,1008,109
vsubcat_305 987,964,0,110,1007,1010,97,965,143,125,1009,153,967,82,161,89,1008,109
vsubcat_293 987,964,0,110,1007,1010,97,965,143,125,1009,153,967,82,161,89,1008,109
vsubcat_329 987,964,0,110,1007,1010,97,965,143,125,1009,153,967,82,161,89,1008,109
vsubcat_273 987,964,0,110,1007,1010,97,965,143,125,1009,153,967,82,161,89,1008,109
vsubcat_326 987,964,0,110,1007,1010,97,965,143,125,1009,153,967,82,161,89,1008,109
vsubcat_143 987,964,0,110,1007,1010,97,965,143,125,1009,153,967,82,161,89,1008,109
vsubcat_125 987,964,0,110,1007,1010,97,965,143,125,1009,153,967,82,161,89,1008,109
vsubcat_322 987,964,0,110,1007,1010,97,965,143,125,1009,153,967,82,161,89,1008,109
vsubcat_1007 279
vsubcat_1008 1007
vsubcat_1009 279
vsubcat_1010 279,1007
vsubcat_86 108
vsubcat_88 97
vsubcat_89 94
vsubcat_90 91,951,93,92
vsubcat_91 90,951,93,92
vsubcat_951 90,91,89,94,93,92
vsubcat_92 93
vsubcat_93 92
vsubcat_94 89,93,92
vsubcat_97 89,91,86,88
vsubcat_108 86
vsubcat_109 89
vsubcat_110 97,108,89
vsubcat_153 143,125
vsubcat_997 125
vsubcat_205 206,207,954
vsubcat_206 205,207,954
vsubcat_207 205,206,954
vsubcat_954 205,206,207
vsubcat_986 987
vsubcat_987 986
vsubcat_988 987,986
vsubcat_960 961,962
vsubcat_961 960,962
vsubcat_962 960,961
vsubcat_227 226
vsubcat_226 227
vsubcat_964 970,969
vsubcat_965 967
vsubcat_966 967
vsubcat_967 966
vsubcat_968 
vsubcat_969 964,970
vsubcat_970 969,964
vsubcat_199 200,201
vsubcat_200 199,201,322
vsubcat_201 200,199,322
vsubcat_69 73,76
vsubcat_70 71,75
vsubcat_71 70,77
vsubcat_73 326,69
vsubcat_75 73,70
vsubcat_76 73,70,69
vsubcat_77 71
vsubcat_950 326,71,73,70,75,69